City,Lat,Lng,Max Temp,Humidity,Cloudiness,Wind Speed,Country,Date
Klaksvík,62.2266,-6.589,40.12,76,100,20.6,FO,1621382675
Biltine,14.5333,20.9167,84.78,12,6,3.18,TD,1621382675
Fairbanks,64.8378,-147.7164,62.56,32,75,12.66,US,1621382652
Bredasdorp,-34.5322,20.0403,53.26,73,59,2.71,ZA,1621382675
Bathsheba,13.2167,-59.5167,81.21,73,40,14.61,BB,1621382676
Pereyaslovskaya,45.8412,39.0238,58.53,86,94,5.61,RU,1621382676
Busselton,-33.65,115.3333,57.09,79,35,2.37,AU,1621382676
Nome,64.5011,-165.4064,40.15,75,90,20.71,US,1621382676
Kumul,42.8,93.45,68.29,30,1,2.93,CN,1621382677
Union,40.6334,-74.2663,80.51,25,40,5.75,US,1621382677
Zvishavane,-20.3267,30.0665,53.89,91,0,0.78,ZW,1621382677
Kaitangata,-46.2817,169.8464,54.93,93,100,11.21,NZ,1621382677
Richards Bay,-28.783,32.0377,66.58,79,0,14.67,ZA,1621382678
Barrow,71.2906,-156.7887,30.22,86,90,3.44,US,1621382678
Faanui,-16.4833,-151.75,81.93,74,50,21.56,PF,1621382678
Albany,42.6001,-73.9662,75.2,33,1,11.5,US,1621382410
Carnarvon,-24.8667,113.6333,71.37,70,0,16.37,AU,1621382679
Sibolga,1.7427,98.7792,76.86,75,100,1.9,ID,1621382679
Ushuaia,-54.8,-68.3,48.2,87,90,4.61,AR,1621382409
Tasiilaq,65.6145,-37.6368,24.96,76,3,1.19,GL,1621382679
Mongoumba,3.6415,18.5936,71.22,93,100,1.25,CF,1621382679
Iqaluit,63.7506,-68.5145,23.7,68,36,15.99,CA,1621382680
Bosaso,11.2842,49.1816,90.07,41,29,6.35,SO,1621382680
Necochea,-38.5473,-58.7368,50.04,83,62,7.58,AR,1621382472
Yakeshi,49.2833,120.7333,56.91,40,57,7.54,CN,1621382680
Bluff,-46.6,168.3333,52.81,92,100,22.17,NZ,1621382680
Panacan,9.2463,118.4082,80.71,85,100,8.16,PH,1621382681
Arraial do Cabo,-22.9661,-42.0278,72.01,70,31,12.35,BR,1621382681
San Jerónimo,-11.9472,-75.2829,48.27,80,57,2.8,PE,1621382681
Erzin,36.9559,36.2,68.72,79,1,3.31,TR,1621382681
Bariloche,-41.1456,-71.3082,35.35,66,0,2.91,AR,1621382682
Kenora,49.8167,-94.4337,77.77,36,0,15.01,CA,1621382682
Severo-Kuril'sk,50.6789,156.125,50.45,57,2,8.3,RU,1621382682
Kyrylivka,46.3759,35.3675,60.42,76,98,19.69,UA,1621382682
Port Elizabeth,-33.918,25.5701,64.09,37,53,10.02,ZA,1621382671
Marang,5.2056,103.2059,76.28,91,100,4.03,MY,1621382448
Fort-Shevchenko,44.5086,50.263,68.38,70,69,12.84,KZ,1621382683
Muzhi,65.3667,64.6667,38.73,59,100,5.93,RU,1621382683
Upernavik,72.7868,-56.1549,33.17,79,85,7.54,GL,1621382683
Tuktoyaktuk,69.4541,-133.0374,31.48,87,31,11.34,CA,1621382684
Cabedelo,-6.9811,-34.8339,74.07,83,24,7.67,BR,1621382684
Al Bardīyah,31.7561,25.0865,71.15,50,0,4.36,LY,1621382684
Macao,22.2006,113.5461,87.6,84,20,11.5,MO,1621382613
Punta Arenas,-53.15,-70.9167,42.91,91,90,4.43,CL,1621382684
Isangel,-19.55,169.2667,77.45,81,100,18.14,VU,1621382685
Ngunguru,-35.6167,174.5,67.15,57,2,14.12,NZ,1621382685
Hobart,-42.8794,147.3294,59.02,64,75,4.0,AU,1621382402
Cape Town,-33.9258,18.4232,61.12,67,34,6.96,ZA,1621382685
New Norfolk,-42.7826,147.0587,59.58,71,100,3.0,AU,1621382679
Lábrea,-7.2586,-64.7981,77.92,76,38,2.42,BR,1621382686
Pangnirtung,66.1451,-65.7125,23.99,95,100,7.61,CA,1621382686
North Bend,43.4065,-124.2243,60.24,67,20,12.66,US,1621382686
Mataura,-46.1927,168.8643,52.48,98,100,7.16,NZ,1621382673
Saint Paul Harbor,57.79,-152.4072,49.51,76,1,8.05,US,1621382686
Geraldton,-28.7667,114.6,60.13,78,5,4.99,AU,1621382687
Butaritari,3.0707,172.7902,81.82,81,100,10.56,KI,1621382687
Saint George,37.1041,-113.5841,95.47,16,1,7.0,US,1621382687
Port Alfred,-33.5906,26.891,66.97,36,20,11.5,ZA,1621382687
Viedma,-40.8135,-62.9967,52.74,77,100,12.26,AR,1621382516
Hilo,19.7297,-155.09,78.53,68,75,10.36,US,1621382688
Porbandar,21.6422,69.6093,81.36,70,100,9.24,IN,1621382688
Clyde River,70.4692,-68.5914,25.03,68,1,19.57,CA,1621382688
Ponta do Sol,32.6667,-17.1,67.71,70,0,5.14,PT,1621382689
Aklavik,68.2191,-135.0107,50.72,74,89,4.94,CA,1621382689
Payo,-3.7508,103.6372,73.99,92,96,1.7,ID,1621382689
Camacha,33.0833,-16.3333,63.82,72,40,8.05,PT,1621382689
Haines Junction,60.7522,-137.5108,56.48,43,91,0.78,CA,1621382690
Mil'kovo,54.7167,158.6167,58.86,46,77,7.07,RU,1621382690
Copiapó,-27.3667,-70.3333,56.89,82,66,1.39,CL,1621382690
Qaanaaq,77.484,-69.3632,30.31,95,100,9.86,GL,1621382690
Lompoc,34.6391,-120.4579,79.21,73,1,20.71,US,1621382685
Acapulco de Juárez,16.8634,-99.8901,85.82,61,40,10.29,MX,1621382691
Kuching,1.55,110.3333,75.42,100,40,0.0,MY,1621382691
Te Anau,-45.4167,167.7167,48.99,93,100,3.51,NZ,1621382689
Port Lincoln,-34.7333,135.8667,62.08,38,97,16.51,AU,1621382691
Rikitea,-23.1203,-134.9692,74.43,65,58,18.21,PF,1621382692
Bambous Virieux,-20.3428,57.7575,71.22,77,23,7.11,MU,1621382692
Araucária,-25.5931,-49.4103,55.02,89,1,3.62,BR,1621382419
Lavrentiya,65.5833,-171.0,31.62,92,58,4.61,RU,1621382692
Hermanus,-34.4187,19.2345,60.91,65,34,2.98,ZA,1621382692
Chui,-33.6971,-53.4616,50.65,81,11,5.32,UY,1621382693
Nanortalik,60.1432,-45.2371,37.15,73,41,4.63,GL,1621382693
Lata,40.1629,-8.3327,55.06,96,83,3.44,PT,1621382693
Cherskiy,68.75,161.3,44.38,52,45,12.64,RU,1621382694
Yellowknife,62.456,-114.3525,38.32,40,61,5.99,CA,1621382694
Atuona,-9.8,-139.0333,79.84,76,51,14.16,PF,1621382694
Vaini,-21.2,-175.2,77.52,77,83,16.91,TO,1621382677
Riachão,-7.3619,-46.6172,76.26,73,100,1.95,BR,1621382694
Dunedin,-45.8742,170.5036,54.81,68,100,21.0,NZ,1621382695
Dikson,73.5069,80.5464,15.66,96,96,5.39,RU,1621382695
Buraidah,26.326,43.975,83.46,9,0,5.41,SA,1621382695
Puerto Ayora,-0.7393,-90.3518,75.54,86,34,8.01,EC,1621382493
Chokurdakh,70.6333,147.9167,31.62,100,100,11.39,RU,1621382695
Artvin Province,41.1667,41.8333,65.48,60,2,5.44,TR,1621382696
Jiazi,22.8779,116.067,83.64,74,69,6.82,CN,1621382696
Coyhaique,-45.5752,-72.0662,37.35,100,75,0.0,CL,1621382696
Lázaro Cárdenas,17.9583,-102.2,83.39,55,0,11.07,MX,1621382696
Egvekinot,66.3167,-179.1667,27.79,97,99,4.65,RU,1621382697
Makkah al Mukarramah,21.4267,39.8261,85.24,30,11,5.06,SA,1621382697
Lüderitz,-26.6481,15.1594,63.48,55,4,6.62,NA,1621382697
Meulaboh,4.1363,96.1285,76.8,82,100,4.76,ID,1621382697
Avarua,-21.2078,-159.775,78.85,83,75,16.11,CK,1621382698
Itarema,-2.9248,-39.9167,77.31,87,54,8.41,BR,1621382698
Ilulissat,69.2167,-51.1,41.02,56,26,1.14,GL,1621382686
Athabasca,54.7169,-113.2854,35.17,99,100,18.37,CA,1621382698
Faya,18.3851,42.4509,66.72,27,82,3.09,SA,1621382698
Biggar,55.6167,-3.5167,46.69,90,57,2.37,GB,1621382699
Uray,60.1247,64.7758,44.02,73,27,4.83,RU,1621382699
Ribeira Grande,38.5167,-28.7,65.3,92,96,21.77,PT,1621382688
Zhangjiakou,40.81,114.8794,68.56,28,60,1.83,CN,1621382699
Qaqortoq,60.7167,-46.0333,43.3,67,8,7.94,GL,1621382700
Kerrobert,51.9168,-109.1348,65.44,25,98,27.65,CA,1621382700
Yārāda,17.65,83.2667,82.72,79,20,11.34,IN,1621382700
Okhotsk,59.3833,143.3,32.97,85,100,6.96,RU,1621382700
Bengkulu,-3.8004,102.2655,75.83,85,45,4.16,ID,1621382701
Mar del Plata,-38.0023,-57.5575,55.13,57,50,3.31,AR,1621382563
Vágur,61.4732,-6.8119,40.1,72,100,18.99,FO,1621382701
Norman Wells,65.282,-126.8329,48.99,54,100,2.91,CA,1621382701
Christchurch,-43.5333,172.6333,61.03,78,75,1.99,NZ,1621382683
Katsuura,35.1333,140.3,67.19,89,100,6.24,JP,1621382702
Lamu,-2.2717,40.902,79.14,81,88,16.64,KE,1621382703
Ust'-Ilimsk,58.0006,102.6619,36.3,40,9,5.44,RU,1621382450
Vestmannaeyjar,63.4427,-20.2734,38.86,93,100,7.25,IS,1621382703
Kuala Lipis,4.1842,102.0468,73.33,98,100,0.45,MY,1621382703
Tura,25.5198,90.2201,72.9,96,84,3.22,IN,1621382704
San Isidro,-12.1167,-77.05,66.02,90,0,8.14,PE,1621382704
Kununurra,-15.7667,128.7333,73.38,28,64,6.91,AU,1621382704
Palmer,42.1584,-72.3287,73.33,76,93,3.24,US,1621382453
Ashington,50.9331,-0.3909,53.11,89,92,1.01,GB,1621382705
Broome,42.2506,-75.833,71.98,85,1,3.36,US,1621382705
Seymchan,62.8833,152.4333,43.88,63,100,5.73,RU,1621382705
Caraz,-9.0486,-77.81,61.93,89,97,0.76,PE,1621382706
Scarborough,54.2797,-0.4044,46.65,88,4,1.99,GB,1621382623
Hamilton,39.1834,-84.5333,75.83,83,100,4.76,US,1621382502
Araouane,18.9048,-3.5265,98.85,13,33,8.95,ML,1621382706
Cabo San Lucas,22.8909,-109.9124,89.82,57,1,19.57,MX,1621382706
Mahébourg,-20.4081,57.7,71.26,78,25,6.4,MU,1621382706
Huilong,31.8111,121.655,68.04,71,91,10.11,CN,1621382423
Shache,38.4167,77.2406,66.11,28,98,8.68,CN,1621382707
Durrës,41.3231,19.4414,51.98,58,2,5.14,AL,1621382707
The Valley,18.217,-63.0578,80.82,77,54,12.21,AI,1621382692
Cody,44.5263,-109.0565,82.69,19,20,8.05,US,1621382707
Mehamn,71.0357,27.8492,47.16,80,72,12.57,NO,1621382708
Narsaq,60.9167,-46.05,43.02,66,13,4.88,GL,1621382708
Batemans Bay,-35.7167,150.1833,55.9,54,1,2.57,AU,1621382708
Khatanga,71.9667,102.5,22.69,95,100,8.84,RU,1621382708
Bilma,18.6853,12.9164,89.11,11,2,14.16,NE,1621382709
Aswān,24.0934,32.907,82.69,17,0,9.53,EG,1621382709
Aksarka,66.5606,67.7975,31.19,65,96,4.34,RU,1621382709
Raja,8.4596,25.678,72.9,88,100,4.12,SS,1621382709
São Luís de Montes Belos,-16.525,-50.3722,67.87,49,27,1.39,BR,1621382710
Santa Cruz de Tenerife,28.4682,-16.2546,73.92,90,75,7.0,ES,1621382518
Laredo,27.5064,-99.5075,95.0,48,1,14.97,US,1621382646
Kieta,-6.2167,155.6333,86.81,64,71,6.04,PG,1621382710
Yar-Sale,66.8333,70.8333,28.38,78,98,5.37,RU,1621382710
Araranguá,-28.9347,-49.4858,53.92,84,0,3.04,BR,1621382417
Hede,33.7681,120.2517,68.2,51,95,7.07,CN,1621382413
Moose Factory,51.2585,-80.6094,68.79,61,35,4.54,CA,1621382711
Jintūr,19.6167,76.7,80.69,66,100,11.79,IN,1621382654
Beba,22.4437,-79.7253,77.27,81,99,13.49,CU,1621382711
Bubaque,11.2833,-15.8333,78.44,78,72,15.52,GW,1621382711
Petrovac,44.3769,21.4192,49.57,87,32,4.16,RS,1621382711
Makakilo City,21.3469,-158.0858,79.68,62,12,19.93,US,1621382514
Mahibadhoo,3.7833,72.9667,83.35,76,4,13.02,MV,1621382521
Karasjok,69.4719,25.5112,44.71,97,98,6.08,NO,1621382712
Lebu,-37.6167,-73.65,57.18,80,100,20.83,CL,1621382712
Fortuna,40.5982,-124.1573,70.48,62,75,10.0,US,1621382712
Urucará,-2.5364,-57.76,74.62,93,72,1.97,BR,1621382713
Pisco,-13.7,-76.2167,66.02,94,75,5.75,PE,1621382713
Touros,-5.1989,-35.4608,77.11,87,53,10.78,BR,1621382713
Taksimo,56.3444,114.8794,38.68,40,56,2.17,RU,1621382662
Nikolskoye,59.7035,30.7861,58.89,97,98,4.34,RU,1621382713
Barra de Tecoanapa,16.5167,-98.75,85.35,63,1,10.92,MX,1621382714
Provideniya,64.3833,-173.3,33.91,86,90,15.66,RU,1621382714
Codrington,-38.2667,141.9667,53.56,61,95,13.49,AU,1621382714
Sitka,57.0531,-135.33,51.69,71,20,18.41,US,1621382715
Hofn,64.2539,-15.2082,36.01,58,77,9.33,IS,1621382715
Kirksville,40.1948,-92.5833,70.05,89,40,3.0,US,1621382715
Keti Bandar,24.1447,67.4497,86.14,45,52,7.36,PK,1621382715
Tiksi,71.6872,128.8694,31.26,96,100,11.3,RU,1621382673
Molina,-35.1167,-71.2833,57.36,82,90,3.85,CL,1621382701
Karratha,-20.7377,116.8463,73.99,61,22,11.25,AU,1621382716
Kaifeng,34.7911,114.3483,69.01,60,98,8.52,CN,1621382716
Umluj,25.0213,37.2685,81.39,68,9,9.86,SA,1621382716
Saint Anthony,45.0205,-93.218,70.43,86,90,1.99,US,1621382717
Cortes,41.9395,-1.4396,59.61,70,74,19.53,ES,1621382717
Grand-Lahou,5.1367,-5.0242,79.72,86,99,6.78,CI,1621382717
Kedrovyy,56.1667,91.8167,39.61,78,100,2.21,RU,1621382717
Batagay,67.6333,134.6333,35.47,96,100,4.03,RU,1621382718
Santa Ana,33.7456,-117.8678,85.86,66,20,1.01,US,1621382628
Wonthaggi,-38.6044,145.5913,60.21,68,90,15.48,AU,1621382620
George Town,5.4112,100.3354,81.9,88,20,5.3,MY,1621382718
Brasiléia,-11.0161,-68.7481,79.45,67,95,2.39,BR,1621382718
Nefteyugansk,61.0998,72.6035,44.85,63,32,12.28,RU,1621382718
Leningradskiy,69.3833,178.4167,33.35,92,88,9.48,RU,1621382699
Kavaratti,10.5669,72.642,82.62,77,100,10.63,IN,1621382719
Poplar Bluff,36.757,-90.3929,73.62,79,90,1.99,US,1621382719
Lorengau,-2.0226,147.2712,85.51,68,92,8.05,PG,1621382719
Lagoa,39.05,-27.9833,64.11,90,100,13.96,PT,1621382720
Dalmeny,52.3334,-106.7679,75.67,39,100,16.51,CA,1621382721
Shubarshi,48.5872,57.1869,64.63,59,33,6.31,KZ,1621382721
Almaznyy,48.0448,40.045,57.34,90,60,5.1,RU,1621382721
Lacey,47.0343,-122.8232,62.38,46,40,1.99,US,1621382646
Sabang,5.8933,95.3214,83.7,74,100,22.19,ID,1621382722
Ust-Nera,64.5667,143.2,39.07,82,100,5.03,RU,1621382722
Bud,39.447,-86.1758,75.29,86,100,9.46,US,1621382722
Kysyl-Syr,63.8986,122.7617,39.2,32,13,3.49,RU,1621382723
Castro,-24.7911,-50.0119,50.47,62,0,1.34,BR,1621382723
Homer,59.6425,-151.5483,58.08,60,1,13.8,US,1621382723
Hong Kong,22.2855,114.1577,86.97,76,57,1.99,HK,1621382472
Palic,46.1023,19.7635,53.89,80,74,6.67,RS,1621382723
Malakal,9.5334,31.6605,81.07,64,100,6.22,SS,1621382724
Marawi,7.9986,124.2928,71.65,91,100,4.54,PH,1621382724
Flinders,-34.5833,150.8552,63.37,76,0,1.99,AU,1621382724
Burnie,-41.0667,145.9167,57.94,75,100,10.85,AU,1621382725
Westport,41.1415,-73.3579,74.08,53,77,8.05,US,1621382488
Saint-Pierre,-21.3393,55.4781,71.28,56,75,8.05,RE,1621382725
Ust'-Kulom,61.6864,53.6902,50.99,74,78,3.91,RU,1621382725
Três Lagoas,-20.7511,-51.6783,70.23,45,0,5.68,BR,1621382725
Bethel,41.3712,-73.414,73.49,40,20,3.44,US,1621382726
Kramat,-8.1311,113.4499,77.25,88,92,0.51,ID,1621382726
Dolores,-36.3132,-57.6792,48.65,80,37,3.49,AR,1621382726
Soe,-9.8607,124.284,71.38,77,49,4.61,ID,1621382479
Taltal,-25.4,-70.4833,59.72,85,35,1.99,CL,1621382493
Bitung,1.4451,125.1824,79.65,93,100,9.66,ID,1621382727
Ust'-Karsk,52.7011,118.8077,50.97,39,43,1.05,RU,1621382727
Road Town,18.4167,-64.6167,81.19,78,40,12.41,VG,1621382450
Jasper,37.2001,-94.3502,77.05,67,1,1.01,US,1621382727
Saskylakh,71.9167,114.0833,30.29,94,100,14.5,RU,1621382727
Kundiawa,-6.0167,144.9667,76.51,60,96,2.66,PG,1621382728
Paamiut,61.994,-49.6678,37.56,75,40,9.51,GL,1621382728
Muros,42.7762,-9.0603,54.99,86,57,6.87,ES,1621382728
Tazovsky,67.4667,78.7,16.54,92,49,7.61,RU,1621382728
Kapaa,22.0752,-159.319,84.18,74,20,5.01,US,1621382729
Shingū,33.7333,135.9833,69.91,99,100,1.03,JP,1621382729
Elko,41.0002,-115.5012,77.02,20,8,17.52,US,1621382729
Manokwari,-0.8667,134.0833,82.22,69,55,0.92,ID,1621382729
Boshan,36.4833,117.8333,68.92,57,87,7.25,CN,1621382730
Solnechnyy,50.7214,136.6319,54.68,66,99,2.55,RU,1621382730
Tallahassee,30.4383,-84.2807,82.24,48,75,3.0,US,1621382723
Maniitsoq,65.4167,-52.9,37.63,81,33,15.08,GL,1621382730
Alofi,-19.0595,-169.9187,79.81,72,14,17.98,NU,1621382731
Naze,28.3667,129.4833,75.72,83,100,12.77,JP,1621382731
Bogandinskiy,56.8937,65.8938,53.87,77,26,8.37,RU,1621382731
Oriximiná,-1.7656,-55.8661,75.61,92,71,1.41,BR,1621382731
Ancud,-41.8697,-73.8203,52.23,69,100,8.86,CL,1621382681
Churapcha,62.0025,132.4325,43.38,31,27,5.93,RU,1621382732
Thompson,55.7435,-97.8558,40.06,92,72,14.38,CA,1621382732
Baruun-Urt,46.6806,113.2792,58.23,59,63,10.42,MN,1621382732
Saint-Philippe,-21.3585,55.7679,71.19,75,2,6.51,RE,1621382732
Kirkenær,60.4564,12.0582,47.05,97,35,2.86,NO,1621382733
Jiuquan,39.7432,98.5174,60.82,27,86,11.86,CN,1621382733
Malanje,-9.5402,16.341,62.94,71,39,2.68,AO,1621382733
Locri,38.2414,16.2623,64.56,69,95,12.17,IT,1621382734
Vrangel',42.7297,133.0839,55.54,78,0,5.77,RU,1621382734
Benjamín Hill,30.1667,-111.1,87.17,14,1,11.72,MX,1621382734
Moose Jaw,50.4001,-105.5344,68.25,32,53,15.73,CA,1621382552
Torbay,47.6666,-52.7314,40.87,96,90,5.75,CA,1621382601
Poum,-20.2333,164.0167,75.67,72,99,8.21,NC,1621382734
Leninsk-Kuznetsky,54.6567,86.1737,48.51,90,100,12.75,RU,1621382735
Portland,45.5234,-122.6762,64.38,61,75,4.0,US,1621382715
Dunmore Town,25.5,-76.65,76.46,74,100,21.32,BS,1621382735
Ostrovnoy,68.0531,39.5131,56.75,93,100,15.86,RU,1621382735
Corrente,-3.7367,-43.3394,74.7,89,37,2.8,BR,1621382736
Kolosovka,56.4678,73.611,50.38,74,78,10.6,RU,1621382736
Assiut,27.181,31.1837,78.08,31,0,13.33,EG,1621382736
Nova Serrana,-19.8761,-44.9836,63.07,53,15,2.15,BR,1621382736
Eureka,40.8021,-124.1637,64.67,71,93,8.99,US,1621382588
Shimoda,34.6667,138.95,68.16,97,100,6.71,JP,1621382737
Ambanja,-13.6833,48.45,70.34,84,34,4.16,MG,1621382737
Matara,5.9485,80.5353,80.17,84,100,6.55,LK,1621382737
Siddāpur,14.3333,74.8833,70.41,98,100,3.44,IN,1621382738
Hithadhoo,-0.6,73.0833,83.7,69,2,6.64,MV,1621382738
Tame,6.461,-71.73,73.9,89,66,3.96,CO,1621382738
Ossora,59.2353,163.0719,34.86,98,100,2.42,RU,1621382739
Igarka,67.4667,86.5833,15.8,93,81,10.13,RU,1621382739
Acaraú,-2.8856,-40.12,77.95,87,51,9.06,BR,1621382739
Semey,50.4111,80.2275,55.62,71,80,2.24,KZ,1621382740
Lugovoy,42.9472,72.7644,60.55,42,58,6.55,KZ,1621382740
San Roque,36.2107,-5.3842,64.53,63,28,4.56,ES,1621382740
Grand Gaube,-20.0064,57.6608,71.38,76,2,4.0,MU,1621382740
Northam,51.0333,-4.2167,49.6,91,100,10.74,GB,1621382741
Dunda,-8.1167,34.25,65.79,83,100,3.98,TZ,1621382741
Berlevåg,70.8578,29.0864,44.15,91,79,13.71,NO,1621382741
College,64.8569,-147.8028,62.55,32,75,12.66,US,1621382741
Nedryhayliv,50.834,33.8763,54.66,98,72,10.0,UA,1621382742
Nantucket,41.2835,-70.0995,66.61,72,75,16.11,US,1621382575
Trat,12.5,102.5,86.25,89,73,0.85,TH,1621382742
Ouadda,8.0777,22.4007,70.47,85,94,6.85,CF,1621382742
Tianpeng,30.9866,103.9393,69.64,77,98,2.91,CN,1621382742
Wairoa,-39.0333,177.3667,66.6,50,3,11.01,NZ,1621382743
Turukhansk,65.8167,87.9833,24.13,79,22,8.14,RU,1621382743
Santa Maria,-29.6842,-53.8069,52.11,67,0,2.57,BR,1621382743
Vardø,70.3705,31.1107,37.6,99,93,8.03,NO,1621382744
Escanaba,45.7453,-87.0646,73.67,72,1,6.91,US,1621382624
Grindavik,63.8424,-22.4338,39.67,65,0,4.12,IS,1621382744
Lahad Datu,5.0268,118.327,80.22,82,93,1.45,MY,1621382744
Quzhou,28.9594,118.8686,65.77,98,100,4.12,CN,1621382563
Raymondville,26.4815,-97.7831,88.38,66,83,14.29,US,1621382745
Hervey Bay,-25.2986,152.8535,68.63,74,19,17.13,AU,1621382745
Mazara del Vallo,37.6641,12.588,64.99,59,55,7.96,IT,1621382745
Brownsville,25.9018,-97.4975,87.1,78,90,5.01,US,1621382745
La Romana,18.4273,-68.9728,77.36,79,97,8.63,DO,1621382746
San Cristobal,7.7669,-72.225,75.38,92,94,2.59,VE,1621382476
Coachella,33.6803,-116.1739,104.14,18,1,8.01,US,1621382448
Coxim,-18.5067,-54.76,76.77,31,0,2.98,BR,1621382746
Alta Floresta,-9.8756,-56.0861,72.5,76,43,3.42,BR,1621382746
Cidreira,-30.1811,-50.2056,56.1,73,0,6.71,BR,1621382746
Batagay-Alyta,67.8006,130.4114,29.05,91,100,12.33,RU,1621382747
Shitanjing,39.2342,106.3439,57.87,50,87,15.35,CN,1621382747
Zima,53.9202,102.0442,43.36,82,100,4.23,RU,1621382747
Warmbad,-28.45,18.7333,66.67,21,3,5.28,NA,1621382748
Nemuro,43.3236,145.575,57.63,80,67,11.56,JP,1621382748
Opuwo,-18.0607,13.84,61.27,35,0,3.69,NA,1621382748
Jamestown,42.097,-79.2353,74.52,39,1,4.61,US,1621382686
Abja-Paluoja,58.1253,25.3497,57.02,99,100,4.07,EE,1621382748
Porto-Novo,6.4965,2.6036,80.55,82,23,6.17,BJ,1621382749
Valparaíso,-33.0393,-71.6273,58.77,88,100,12.33,CL,1621382534
Khātra,22.9833,86.85,86.05,61,83,4.43,IN,1621382749
Greenfield,42.9614,-88.0126,66.61,85,90,6.87,US,1621382505
Souillac,-20.5167,57.5167,71.37,81,11,4.94,MU,1621382707
Weligama,5.9667,80.4167,80.42,83,100,6.71,LK,1621382749
Strășeni,47.1414,28.6103,55.33,94,100,18.9,MD,1621382750
San Andrés,12.5847,-81.7006,81.45,80,31,11.61,CO,1621382750
Marrakesh,31.6315,-8.0083,75.27,46,81,5.75,MA,1621382691
Bandarbeyla,9.4942,50.8122,82.15,79,27,17.9,SO,1621382750
Karlskoga,59.3267,14.5239,47.07,95,14,2.91,SE,1621382751
Soyo,-6.1349,12.3689,79.63,84,63,4.79,AO,1621382739
Sinjai,-5.1241,120.253,79.75,84,98,3.04,ID,1621382751
Mayo,38.8876,-76.5119,74.32,64,1,7.9,US,1621382751
Korla,41.7597,86.1469,65.12,33,0,2.35,CN,1621382751
Waoundé,15.2637,-12.8682,100.69,14,58,6.31,SN,1621382752
Agüimes,27.9054,-15.4461,68.63,56,20,23.02,ES,1621382752
Champerico,14.3,-91.9167,83.35,74,9,5.44,GT,1621382752
Hagenow,53.4333,11.1833,47.93,96,42,6.42,DE,1621382752
Chapais,49.7834,-74.8492,55.18,80,100,5.88,CA,1621382749
Bol,13.4586,14.7147,84.2,46,1,9.26,TD,1621382753
Safaga,26.7292,33.9365,81.39,39,0,13.33,EG,1621382753
Coromandel,-18.4733,-47.2003,62.4,49,41,3.29,BR,1621382753
Bambuí,-20.0064,-45.9769,64.45,56,26,4.47,BR,1621382754
Kruisfontein,-34.0033,24.7314,62.42,28,38,10.76,ZA,1621382710
Lianran,24.9227,102.485,69.3,57,11,7.36,CN,1621382754
Poya,-21.35,165.15,75.45,66,99,4.83,NC,1621382754
Sørland,67.667,12.6934,41.68,89,100,24.92,NO,1621382721
The Pas,53.8251,-101.2541,84.02,29,2,13.15,CA,1621382755
Cañon City,38.441,-105.2424,65.28,71,75,8.01,US,1621382755
Piedras Negras,28.7,-100.5167,82.98,57,20,9.22,MX,1621382755
Beyneu,45.3167,55.2,78.01,19,92,10.67,KZ,1621382755
Shiyan,32.6475,110.7781,64.85,78,100,3.31,CN,1621382756
Rocha,-34.4833,-54.3333,47.17,89,9,4.05,UY,1621382756
Ginir,7.1333,40.7,59.67,84,100,3.83,ET,1621382756
Kokomo,40.4864,-86.1336,72.63,78,90,6.91,US,1621382577
Shakhty,47.7091,40.2144,58.62,87,76,4.94,RU,1621382756
Half Moon Bay,37.4636,-122.4286,78.42,74,1,18.41,US,1621382757
Komárov,49.8065,13.8564,46.71,98,66,5.68,CZ,1621382757
Kavieng,-2.5744,150.7967,85.06,69,99,6.02,PG,1621382757
Zaraza,9.3503,-65.3245,80.22,73,91,4.76,VE,1621382757
Novo Aripuanã,-5.1206,-60.3797,74.91,97,100,2.37,BR,1621382758
Maceió,-9.6658,-35.7353,77.2,80,38,6.85,BR,1621382626
Pell City,33.5862,-86.2861,75.38,82,1,0.0,US,1621382758
Shar'ya,58.3686,45.5144,58.78,82,73,6.06,RU,1621382758
Talaya,61.3833,152.75,36.64,80,100,7.38,RU,1621382759
Fuyu,45.1833,124.8167,69.31,46,62,6.55,CN,1621382759
Nimāparha,20.0667,86.0167,88.27,83,92,15.19,IN,1621382664
Avera,33.194,-82.5271,78.67,67,96,7.65,US,1621382759
Cascais,38.6979,-9.4215,59.47,73,58,17.0,PT,1621382760
Mount Isa,-20.7333,139.5,73.17,27,5,13.8,AU,1621382477
Atambua,-9.1061,124.8925,77.29,72,30,3.96,ID,1621382760
Port-Gentil,-0.7193,8.7815,80.78,78,91,5.75,GA,1621382760
Khani,41.9563,42.9566,58.57,64,13,7.99,GE,1621382760
Henties Bay,-22.116,14.2845,63.86,74,5,9.93,NA,1621382761
Alghero,40.5589,8.3181,60.89,77,0,10.36,IT,1621382761
Pemberton,50.3164,-122.8027,51.93,57,100,6.26,CA,1621382761
Sur,22.5667,59.5289,88.72,37,41,5.59,OM,1621382762
Guerrero Negro,27.9769,-114.0611,64.17,71,14,25.41,MX,1621382749
Saldanha,-33.0117,17.9442,58.28,72,17,4.21,ZA,1621382762
Jayanca,-6.3908,-79.8219,71.29,72,80,10.74,PE,1621382762
Biak,-0.9131,122.8766,79.52,77,77,6.82,ID,1621382763
Pastavy,55.1168,26.8326,49.5,98,99,7.54,BY,1621382763
Jalu,29.0331,21.5482,78.6,20,2,0.13,LY,1621382763
Novobirilyussy,56.9514,90.6661,40.84,57,72,5.93,RU,1621382764
Ziarat,30.3823,67.7282,53.78,55,1,1.83,PK,1621382764
Los Llanos de Aridane,28.6585,-17.9182,64.15,87,0,15.37,ES,1621382764
Longyearbyen,78.2186,15.6401,26.44,68,20,11.5,SJ,1621382561
São Filipe,14.8961,-24.4956,75.29,70,100,10.47,CV,1621382765
Dvinskoy,62.1535,45.1175,55.58,88,16,6.17,RU,1621382765
Helong,42.5397,128.9972,73.67,30,12,5.12,CN,1621382765
Frolishchi,56.4211,42.6533,64.45,77,12,11.16,RU,1621382765
Merauke,-8.4667,140.3333,81.77,80,86,14.92,ID,1621382766
Pergamino,-33.89,-60.5736,55.9,67,85,5.01,AR,1621382545
Savannakhet,16.566,104.751,86.18,62,90,6.46,LA,1621382766
Port Macquarie,-31.4333,152.9167,65.89,65,3,3.4,AU,1621382766
Sekoma,-24.4,23.8833,56.84,45,8,9.15,BW,1621382766
Pouembout,-21.1333,164.9,76.6,65,100,4.76,NC,1621382767
Hobyo,5.3505,48.5268,80.26,75,66,23.85,SO,1621382767
Petropavlovka,50.6114,105.3196,50.94,77,85,2.93,RU,1621382767
Bartica,6.4,-58.6167,79.12,91,40,3.42,GY,1621382768
Tanete,-3.9443,119.7848,79.39,85,90,8.7,ID,1621382768
Beringovskiy,63.05,179.3167,36.25,85,91,7.14,RU,1621382697
Nicoya,10.1483,-85.452,81.95,69,85,4.29,CR,1621382666
East London,-33.0153,27.9116,67.96,33,10,8.01,ZA,1621382768
Askino,56.0901,56.5783,53.15,84,0,9.86,RU,1621382768
Fort Nelson,58.8053,-122.7002,47.35,48,97,4.74,CA,1621382769
Nuuk,64.1835,-51.7216,38.01,75,20,11.5,GL,1621382769
Felanitx,39.4696,3.1483,63.95,73,34,6.35,ES,1621382769
Kalmunai,7.4167,81.8167,80.6,79,94,5.64,LK,1621382770
Kaka,37.3482,59.6143,76.26,16,0,4.61,TM,1621382529
Vila Velha,-20.3297,-40.2925,64.94,79,97,10.6,BR,1621382770
Dickinson,29.4608,-95.0513,79.16,69,75,1.99,US,1621382770
Caldas Novas,-17.7417,-48.625,66.99,41,32,1.45,BR,1621382770
Dagshai,30.8833,77.05,58.68,63,98,3.4,IN,1621382771
Sturgeon Bay,44.8342,-87.377,71.58,60,1,9.22,US,1621382771
Ichinohe,40.2069,141.3017,59.88,87,100,2.71,JP,1621382771
Havøysund,70.9963,24.6622,49.08,94,36,12.1,NO,1621382758
Boa Vista,2.8197,-60.6733,73.72,94,100,3.62,BR,1621382772
Anadyr,64.75,177.4833,36.1,94,40,11.41,RU,1621382772
Panzhihua,26.5851,101.7128,76.35,53,90,0.58,CN,1621382772
Dūngarpur,23.8333,73.7167,73.44,92,100,21.23,IN,1621382772
Arrecife,28.963,-13.5477,69.87,83,20,21.85,ES,1621382641
Petropavlovsk-Kamchatskiy,53.0452,158.6483,61.39,47,73,9.82,RU,1621382773
Talnakh,69.4865,88.3972,17.64,84,39,7.18,RU,1621382773
Gijang,35.2442,129.2139,66.87,74,89,3.58,KR,1621382773
Virginia Beach,36.8529,-75.978,70.03,70,34,8.28,US,1621382449
Kibre Mengist,5.8833,38.9833,60.42,97,100,1.99,ET,1621382773
Turbat,26.0023,63.044,85.6,40,15,3.06,PK,1621382474
Visby,57.6409,18.296,48.42,81,82,5.75,SE,1621382774
Pyn U Lwin,22.0333,96.4667,76.37,81,100,2.19,MM,1621382774
Caravelas,-17.7125,-39.2481,72.0,77,100,4.74,BR,1621382689
Beyla,8.6833,-8.6333,70.92,91,88,4.61,GN,1621382774
Jambi City,-1.6,103.6167,74.66,95,100,1.61,ID,1621382559
Bella Union,-30.2752,-57.6007,54.16,66,22,6.69,UY,1621382775
Esperance,-33.8667,121.9,62.44,83,100,5.84,AU,1621382775
Port Blair,11.6667,92.75,82.49,76,100,2.59,IN,1621382775
Labytnangi,66.6572,66.4183,30.96,71,99,5.26,RU,1621382776
Hualmay,-11.0964,-77.6139,64.27,88,12,7.83,PE,1621382776
Strezhevoy,60.7333,77.5889,37.38,61,10,5.55,RU,1621382776
Adrar,20.5022,-10.0711,88.14,20,39,23.31,MR,1621382777
Bose,45.4612,8.0137,53.08,71,54,6.78,IT,1621382777
Kahului,20.8947,-156.47,84.22,61,40,25.32,US,1621382777
Ribeira Brava,32.65,-17.0667,67.71,70,0,5.39,PT,1621382777
Sasaima,4.9661,-74.4351,66.69,90,96,3.11,CO,1621382778
Severodvinsk,64.5635,39.8302,62.71,84,100,11.56,RU,1621382778
Östersund,63.1792,14.6357,46.85,76,90,5.75,SE,1621382778
Grafton,42.207,-71.6856,77.11,72,20,6.6,US,1621382749
Serra,-20.1286,-40.3078,64.45,85,100,6.11,BR,1621382779
Fare,-16.7,-151.0167,81.66,74,84,21.45,PF,1621382779
Sioux Lookout,50.1001,-91.917,77.05,31,0,10.25,CA,1621382779
Sikandra,26.3667,79.65,79.43,65,100,5.32,IN,1621382780
Xining,36.6167,101.7667,47.59,62,31,3.04,CN,1621382780
Laas,46.6166,10.7002,45.63,96,100,6.85,IT,1621382780
Oistins,13.0667,-59.5333,80.69,65,40,16.11,BB,1621382654
Novoseleznëvo,55.6821,69.2056,50.43,80,44,11.16,RU,1621382781
Vågåmo,61.8751,9.0967,41.25,87,87,4.79,NO,1621382781
Constitución,-35.3333,-72.4167,57.49,89,100,14.23,CL,1621382781
Candolim,15.5181,73.7626,80.11,85,99,10.33,IN,1621382781
Dingle,10.9995,122.6711,83.28,74,100,9.48,PH,1621382782
Sierra Vista,31.5545,-110.3037,80.82,16,20,11.01,US,1621382623
Waipawa,-41.4122,175.5153,59.63,57,6,7.56,NZ,1621382782
Corinth,37.9407,22.9573,71.69,70,40,4.07,GR,1621382782
Monroe,43.1501,-77.6831,74.71,38,20,6.91,US,1621382647
Airai,-8.9266,125.4092,65.91,74,62,3.24,TL,1621382695
Inuvik,68.3499,-133.7218,50.76,56,75,5.75,CA,1621382769
Port Hedland,-20.3167,118.5667,69.85,37,40,6.91,AU,1621382757
Labuhan,-6.8844,112.2051,78.46,85,94,5.99,ID,1621382783
Hoquiam,46.9809,-123.8893,61.93,71,1,14.97,US,1621382494
Staryy Nadym,65.6118,72.6842,29.91,67,86,9.13,RU,1621382783
Rotifunk,8.2333,-12.6833,78.19,90,98,3.33,SL,1621382783
Saint-Louis,16.3333,-15.0,88.72,26,22,16.33,SN,1621382783
Goundam,16.4145,-3.6708,96.46,16,92,4.29,ML,1621382784
Presidencia Roque Sáenz Peña,-26.7852,-60.4388,62.91,72,14,6.35,AR,1621382764
Rawson,-43.3002,-65.1023,57.51,72,95,22.17,AR,1621382784
Taoudenni,22.6783,-3.9836,99.95,11,84,10.58,ML,1621382583
Santoña,43.4439,-3.4576,54.59,90,98,4.76,ES,1621382784
Sharjah city,25.3573,55.4033,87.26,45,8,5.32,AE,1621382553
Brae,60.3964,-1.353,42.71,82,100,15.99,GB,1621382785
Ketchikan,55.3422,-131.6461,55.8,49,96,3.85,US,1621382785
Vuktyl,63.8567,57.3094,50.23,64,93,4.32,RU,1621382785
Vestmanna,62.1564,-7.1664,38.32,81,90,13.82,FO,1621382756
San Pedro de Macorís,18.4616,-69.2972,82.49,77,94,8.63,DO,1621382785
Glenwood Springs,39.5505,-107.3248,63.41,53,93,7.34,US,1621382588
Hefei,31.8639,117.2808,67.95,82,100,4.88,CN,1621382786
Katherine,-14.4667,132.2667,73.72,58,0,10.78,AU,1621382786
Puerto del Rosario,28.5004,-13.8627,69.55,68,100,20.71,ES,1621382786
Yuanping,38.7153,112.7575,66.97,33,100,1.21,CN,1621382786
Katobu,-4.9408,122.5276,80.69,82,58,4.0,ID,1621382787
Garoowe,8.4054,48.4845,82.98,55,72,15.08,SO,1621382717
Guozhen,34.3659,107.359,66.06,70,100,5.21,CN,1621382787
Pangody,65.85,74.4859,27.55,71,39,8.81,RU,1621382787
Hambantota,6.1241,81.1185,81.0,83,97,11.36,LK,1621382722
Sawākin,19.1059,37.3321,84.15,37,9,5.48,SD,1621382788
Aranos,-24.1333,19.1167,62.04,32,2,12.37,NA,1621382788
Moree,-29.4667,149.85,62.96,55,0,6.71,AU,1621382788
Lukovetskiy,64.2956,41.9211,62.58,81,100,8.34,RU,1621382789
Yulara,-25.2406,130.9889,58.39,23,100,10.51,AU,1621382789
Kuusamo,65.9667,29.1833,42.84,100,90,2.3,FI,1621382789
Vostok,46.4856,135.8833,70.7,26,0,8.34,RU,1621382789
Yellandu,17.6,80.3333,80.4,81,96,5.48,IN,1621382790
Kharan,28.5833,65.4167,80.17,8,0,6.69,PK,1621382790
Edd,13.9297,41.6925,87.04,43,82,5.64,ER,1621382790
Igrim,63.1906,64.4162,42.8,61,95,1.61,RU,1621382790
Benghazi,32.1167,20.0667,72.73,53,0,8.37,LY,1621382791
Mossamedes,-15.1961,12.1522,71.67,62,12,9.26,AO,1621382784
Novy Urengoy,66.0833,76.6333,27.39,61,88,11.14,RU,1621382791
Témiscaming,46.7212,-79.0971,67.66,64,70,7.27,CA,1621382791
Pevek,69.7008,170.3133,33.42,83,93,8.3,RU,1621382791
Hirara,24.8,125.2833,79.84,87,100,14.97,JP,1621382746
Husavik,66.0449,-17.3389,32.32,70,96,4.72,IS,1621382729
‘Āhuimanu,21.4447,-157.8378,83.91,61,1,17.27,US,1621382792
Awjilah,29.1081,21.2869,79.79,19,3,4.54,LY,1621382765
Achalpur,21.2572,77.5086,81.97,63,100,7.94,IN,1621382792
Mahudha,22.8167,72.9333,77.18,87,100,11.56,IN,1621382792
Belaya Glina,46.07,40.86,59.2,86,87,6.76,RU,1621382793
Polyarny,69.1989,33.4478,52.27,94,69,5.93,RU,1621382793
Bayan,46.0833,127.4,66.92,54,80,3.44,CN,1621382793
Cayenne,4.9333,-52.3333,78.1,89,0,1.01,GF,1621382793
Tautira,-17.7333,-149.15,86.02,73,44,20.96,PF,1621382794
Elizabeth City,36.2946,-76.2511,69.03,58,1,8.05,US,1621382794
La Rioja,42.25,-2.5,46.18,90,100,3.78,ES,1621382794
Usol'ye-Sibirskoye,52.7519,103.6453,46.98,82,100,4.43,RU,1621382794
Kapchorwa,1.3965,34.4509,57.52,79,100,3.22,UG,1621382795
Gamba,-2.65,10.0,77.0,89,100,2.37,GA,1621382795
Porosozero,62.7191,32.727,56.61,95,100,6.76,RU,1621382795
Pimenta Bueno,-11.6725,-61.1936,73.6,78,26,2.62,BR,1621382587
Dabola,10.75,-11.1167,80.37,63,40,3.24,GN,1621382796
Åmot,59.5714,7.9877,41.5,95,74,5.26,NO,1621382796
Kasongo-Lunda,-6.4667,16.8167,73.06,77,100,1.16,CD,1621382796
Kloulklubed,7.0419,134.2556,81.1,80,100,12.84,PW,1621382796
Jizan,17.3333,42.6667,88.9,45,79,3.67,SA,1621382797
Vao,-22.6667,167.4833,73.35,65,100,22.48,NC,1621382774
Dudinka,69.4058,86.1778,14.74,93,21,12.86,RU,1621382797
Lillooet,50.6856,-121.942,54.36,33,100,5.37,CA,1621382797
Mersing,2.4312,103.8405,78.13,87,100,3.6,MY,1621382798
Abu Dhabi,24.4667,54.3667,86.02,68,0,3.8,AE,1621382798
Aban,56.67,96.06,42.26,48,88,3.69,RU,1621382798
Addanki,15.8167,79.9833,83.68,80,55,9.84,IN,1621382798
Plouzané,48.3833,-4.6167,50.32,87,75,15.55,FR,1621382799
Rayachoti,14.05,78.75,81.25,69,96,3.83,IN,1621382799
Abnūb,27.2696,31.1511,77.88,31,0,13.18,EG,1621382799
Coquimbo,-29.9533,-71.3436,56.93,85,90,4.85,CL,1621382677
São José da Coroa Grande,-8.8978,-35.1478,76.5,83,4,7.7,BR,1621382800
Tomari,47.7658,142.0683,59.72,52,0,24.61,RU,1621382800
Burns Lake,54.2331,-125.7533,40.08,90,100,4.63,CA,1621382800
Padang,-0.9492,100.3543,75.25,86,95,2.77,ID,1621382601
Santa Marta,11.2408,-74.199,79.88,86,68,9.42,CO,1621382801
Powell River,49.8496,-124.5361,57.04,62,75,8.05,CA,1621382801
Oktyabr'skoye,43.0645,44.7417,50.14,65,0,4.81,RU,1621382801
Yerofey Pavlovich,53.9667,121.9667,44.06,41,59,3.94,RU,1621382801
Beaverlodge,55.2166,-119.4361,43.16,71,100,8.5,CA,1621382802
Hay River,60.8156,-115.7999,28.36,80,40,12.66,CA,1621382802
Okha,53.5739,142.9478,36.73,90,100,3.65,RU,1621382802
Tres Arroyos,-38.3739,-60.2798,51.66,65,79,6.85,AR,1621382802
Tamisan,6.8437,126.2984,75.72,93,100,2.73,PH,1621382803
Kholtoson,50.2981,103.3097,51.06,61,68,4.12,RU,1621382803
Kattivākkam,13.2167,80.3167,85.06,79,71,14.92,IN,1621382803
Zaysan,47.4667,84.8667,64.38,49,3,5.95,KZ,1621382803
La Ronge,55.1001,-105.2842,51.67,72,100,9.35,CA,1621382804
Ambon City,-3.6954,128.1814,78.94,84,40,13.09,ID,1621382743
Gilgit,35.9221,74.3087,62.89,69,98,1.45,PK,1621382804
Waitati,-45.75,170.5667,54.81,81,100,12.41,NZ,1621382804
Óbidos,-1.9175,-55.5181,76.23,89,48,1.39,BR,1621382805
